0.000000000 0.000000000
1499.771542735 -26.178609656
1499.775098347 -25.974109793
1499.778626074 -25.769609446
1499.782125917 -25.565108621
1499.785597876 -25.360607320
1499.789041950 -25.156105548
1499.792458140 -24.951603308
1499.795846444 -24.747100604
1499.799206864 -24.542597440
1499.802539400 -24.338093819
1499.805844050 -24.133589747
1499.809120815 -23.929085225
1499.812369695 -23.724580259
1499.815590691 -23.520074851
1499.818783801 -23.315569006
1499.821949026 -23.111062728
1499.825086366 -22.906556020
1499.828195820 -22.702048886
1499.831277389 -22.497541330
1499.834331073 -22.293033356
1499.837356871 -22.088524967
1499.840354783 -21.884016168
1499.843324810 -21.679506961
1499.846266952 -21.474997352
1499.849181207 -21.270487344
1499.852067577 -21.065976939
1499.854926061 -20.861466144
1499.857756660 -20.656954960
1499.860559372 -20.452443392
1499.863334198 -20.247931444
1499.866081139 -20.043419120
1499.868800193 -19.838906423
1499.871491361 -19.634393357
1499.874154643 -19.429879926
1499.876790039 -19.225366134
1499.879397548 -19.020851984
1499.881977171 -18.816337481
1499.884528908 -18.611822628
1499.887052759 -18.407307429
1499.889548723 -18.202791887
1499.892016800 -17.998276007
1499.894456991 -17.793759793
1499.896869295 -17.589243248
1499.899253713 -17.384726375
1499.901610244 -17.180209180
1499.903938888 -16.975691665
1499.906239646 -16.771173834
1499.908512516 -16.566655692
1499.910757500 -16.362137241
1499.912974597 -16.157618487
1499.915163807 -15.953099432
1499.917325130 -15.748580080
1499.919458566 -15.544060436
1499.921564115 -15.339540502
1499.923641777 -15.135020283
1499.925691551 -14.930499783
1499.927713439 -14.725979006
1499.929707439 -14.521457954
1499.931673552 -14.316936633
1499.933611778 -14.112415045
1499.935522116 -13.907893195
1499.937404568 -13.703371087
1499.939259131 -13.498848723
1499.941085807 -13.294326109
1499.942884596 -13.089803248
1499.944655498 -12.885280143
1499.946398511 -12.680756798
1499.948113637 -12.476233218
1499.949800876 -12.271709406
1499.951460227 -12.067185366
1499.953091690 -11.862661101
1499.954695266 -11.658136616
1499.956270954 -11.453611914
1499.957818754 -11.249086999
1499.959338667 -11.044561875
1499.960830691 -10.840036545
1499.962294828 -10.635511014
1499.963731077 -10.430985286
1499.965139438 -10.226459363
1499.966519911 -10.021933250
1499.967872496 -9.817406951
1499.969197193 -9.612880469
1499.970494003 -9.408353809
1499.971762924 -9.203826974
1499.973003957 -8.999299967
1499.974217102 -8.794772794
1499.975402359 -8.590245456
1499.976559728 -8.385717959
1499.977689209 -8.181190307
1499.978790802 -7.976662502
1499.979864506 -7.772134548
1499.980910323 -7.567606450
1499.981928251 -7.363078212
1499.982918291 -7.158549837
1499.983880443 -6.954021328
1499.984814706 -6.749492690
1499.985721081 -6.544963927
1499.986599568 -6.340435042
1499.987450167 -6.135906039
1499.988272877 -5.931376922
1499.989067699 -5.726847695
1499.989834632 -5.522318362
1499.990573677 -5.317788925
1499.991284834 -5.113259390
1499.991968103 -4.908729760
1499.992623483 -4.704200038
1499.993250974 -4.499670229
1499.993850577 -4.295140337
1499.994422292 -4.090610364
1499.994966118 -3.886080316
1499.995482056 -3.681550195
1499.995970105 -3.477020005
1499.996430266 -3.272489752
1499.996862538 -3.067959437
1499.997266922 -2.863429065
1499.997643417 -2.658898640
1499.997992024 -2.454368165
1499.998312743 -2.249837645
1499.998605572 -2.045307083
1499.998870514 -1.840776483
1499.999107566 -1.636245849
1499.999316730 -1.431715185
1499.999498006 -1.227184493
1499.999651393 -1.022653779
1499.999776892 -0.818123046
1499.999874501 -0.613592298
1499.999944223 -0.409061538
1499.999986056 -0.204530771
1500.000000000 0.000000000
1499.999986056 0.204530771
1499.999944223 0.409061538
1499.999874501 0.613592298
1499.999776892 0.818123046
1499.999651393 1.022653779
1499.999498006 1.227184493
1499.999316730 1.431715185
1499.999107566 1.636245849
1499.998870514 1.840776483
1499.998605572 2.045307083
1499.998312743 2.249837645
1499.997992024 2.454368165
1499.997643417 2.658898640
1499.997266922 2.863429065
1499.996862538 3.067959437
1499.996430266 3.272489752
1499.995970105 3.477020005
1499.995482056 3.681550195
1499.994966118 3.886080316
1499.994422292 4.090610364
1499.993850577 4.295140337
1499.993250974 4.499670229
1499.992623483 4.704200038
1499.991968103 4.908729760
1499.991284834 5.113259390
1499.990573677 5.317788925
1499.989834632 5.522318362
1499.989067699 5.726847695
1499.988272877 5.931376922
1499.987450167 6.135906039
1499.986599568 6.340435042
1499.985721081 6.544963927
1499.984814706 6.749492690
1499.983880443 6.954021328
1499.982918291 7.158549837
1499.981928251 7.363078212
1499.980910323 7.567606450
1499.979864506 7.772134548
1499.978790802 7.976662502
1499.977689209 8.181190307
1499.976559728 8.385717959
1499.975402359 8.590245456
1499.974217102 8.794772794
1499.973003957 8.999299967
1499.971762924 9.203826974
1499.970494003 9.408353809
1499.969197193 9.612880469
1499.967872496 9.817406951
1499.966519911 10.021933250
1499.965139438 10.226459363
1499.963731077 10.430985286
1499.962294828 10.635511014
1499.960830691 10.840036545
1499.959338667 11.044561875
1499.957818754 11.249086999
1499.956270954 11.453611914
1499.954695266 11.658136616
1499.953091690 11.862661101
1499.951460227 12.067185366
1499.949800876 12.271709406
1499.948113637 12.476233218
1499.946398511 12.680756798
1499.944655498 12.885280143
1499.942884596 13.089803248
1499.941085807 13.294326109
1499.939259131 13.498848723
1499.937404568 13.703371087
1499.935522116 13.907893195
1499.933611778 14.112415045
1499.931673552 14.316936633
1499.929707439 14.521457954
1499.927713439 14.725979006
1499.925691551 14.930499783
1499.923641777 15.135020283
1499.921564115 15.339540502
1499.919458566 15.544060436
1499.917325130 15.748580080
1499.915163807 15.953099432
1499.912974597 16.157618487
1499.910757500 16.362137241
1499.908512516 16.566655692
1499.906239646 16.771173834
1499.903938888 16.975691665
1499.901610244 17.180209180
1499.899253713 17.384726375
1499.896869295 17.589243248
1499.894456991 17.793759793
1499.892016800 17.998276007
1499.889548723 18.202791887
1499.887052759 18.407307429
1499.884528908 18.611822628
1499.881977171 18.816337481
1499.879397548 19.020851984
1499.876790039 19.225366134
1499.874154643 19.429879926
1499.871491361 19.634393357
1499.868800193 19.838906423
1499.866081139 20.043419120
1499.863334198 20.247931444
1499.860559372 20.452443392
1499.857756660 20.656954960
1499.854926061 20.861466144
1499.852067577 21.065976939
1499.849181207 21.270487344
1499.846266952 21.474997352
1499.843324810 21.679506961
1499.840354783 21.884016168
1499.837356871 22.088524967
1499.834331073 22.293033356
1499.831277389 22.497541330
1499.828195820 22.702048886
1499.825086366 22.906556020
1499.821949026 23.111062728
1499.818783801 23.315569006
1499.815590691 23.520074851
1499.812369695 23.724580259
1499.809120815 23.929085225
1499.805844050 24.133589747
1499.802539400 24.338093819
1499.799206864 24.542597440
1499.795846444 24.747100604
1499.792458140 24.951603308
1499.789041950 25.156105548
1499.785597876 25.360607320
1499.782125917 25.565108621
1499.778626074 25.769609446
1499.775098347 25.974109793
1499.771542735 26.178609656
0.000000000 0.000000000
