1 4 0.21837178899977516
21 266 6.110931507999794
41 501 10.714913512999829
61 761 16.74440244299967
81 1026 22.60623485799988
101 1274 28.192367907999596
121 1529 34.1920503919996
141 1767 39.117895483999746
161 1998 45.14257424799962
181 2225 49.30264047899982
201 2484 53.1348844449999
221 2713 56.819115022000005
241 2977 60.850952463999874
261 3194 64.95503028699977
281 3430 68.91075222699965
301 3660 72.5065874779998
321 3909 76.83445056499977
341 4140 81.02219661699974
361 4384 85.25866103199996
381 4612 88.62025366499984
401 4856 92.81272934399976
421 5115 96.30507473699981
441 5377 101.511230952
461 5626 105.05244572799984
481 5902 109.34375476199966
501 6164 113.79384038099988
521 6443 118.810499789
541 6702 122.3589757159998
561 6932 126.04639273299972
581 7198 131.641634092
601 7464 136.50152620899962
621 7711 140.92677812800002
641 8000 146.79414975500003
661 8271 150.55895992199976
681 8521 154.15877600199974
701 8741 157.23669600699986
721 9008 161.4084910079996
741 9229 163.70082509099984
761 9467 166.54935914399994
781 9656 168.99867269699962
801 9845 171.54297395899994
821 10046 174.75190537199978
841 10228 176.81550366600004
861 10441 179.40342716299983
881 10656 182.09482987
901 10861 184.524669722
921 11059 187.4536104509998
941 11220 189.82909088199995
961 11398 191.82624433
981 11641 196.3705379629996
1001 11879 200.85026331899962
1021 12114 206.25109451399976
1041 12375 210.12917042699974
1061 12621 215.69331527899976
1081 12853 220.50266677799982
1101 13091 225.798790327
1121 13340 231.65094531499972
1141 13577 235.95491863899997
1161 13819 239.3175164989998
1181 14073 242.84414462099994
1201 14313 246.5478787349998
1221 14572 251.52261843799988
1241 14825 255.09200676
1261 15063 257.3269430289997
1281 15329 261.350635366
1301 15566 264.33056054400004
1321 15818 268.9605594759996
1341 16065 271.9657180549998
1361 16325 275.6107842929996
1381 16583 279.10348356899976
1401 16840 282.84342240299975
1421 17091 286.6209393309996
1441 17351 289.1630004189997
1461 17502 290.20224365399963
1481 17696 291.99482801099975
1501 17880 293.50725889099976
1521 18035 295.133976869
1541 18205 296.97743605799997
1561 18366 298.52245623
1581 18518 300.1544402659997
1601 18666 301.63211441899966
1621 18911 303.406915001
1641 19194 305.95109603699984
1661 19442 307.716456482
1681 19674 309.419938902
1701 19910 311.4610551179999
1721 20156 313.16864118199965
1741 20386 314.39643616299963
1761 20616 315.99392223199993
1781 20844 318.5267268429998
1801 21079 321.26273639600004
1821 21340 324.16569914599995
1841 21552 326.9078927979999
1861 21823 329.5428374999997
1881 22067 332.6204314399997
1901 22317 335.898904614
DONE 1920 22575 338.7350107019997
