1 12 0.48075504999997065
21 245 2.018302833000007
41 470 3.529506483999967
61 718 4.651415540000016
81 979 6.301568222000014
101 1214 8.103719715999887
121 1469 10.65184737300001
141 1718 12.51758199599999
161 1973 15.510305826999911
181 2249 17.47902381699987
201 2452 19.49224865799988
221 2690 21.015491294999947
241 2892 22.01373608899985
261 3141 23.69284839399984
281 3408 25.296743457000048
301 3687 27.52644690499983
321 3926 29.055249914999877
341 4182 30.28423614899998
361 4419 31.905646685999955
381 4613 33.657039610999846
401 4779 34.6807873329999
421 5052 36.07623875699983
441 5323 37.91324932899988
461 5552 38.898001526999906
DONE 480 5784 40.513161929000034
