transit_extra_0_n 60 0 444.1794264739143 12.766666666666667
transit_extra_10_n 60 0 444.40349689356725 4.7
transit_extra_30_n 60 0 446.1575848450769 1.7833333333333334
transit_forest_0_n 60 0 447.45546993161753 12.983333333333333
transit_forest_10_n 60 0 447.7060848989438 4.5
transit_forest_30_n 60 0 448.74440839080563 1.9333333333333333
route_extra_0_n 60 0 448.57816087891547 0
route_extra_0_t 60 0 441.14310535021576 10.5
route_extra_20_n 60 0 450.300016027919 0
route_extra_20_t 60 0 442.9291320822811 10.833333333333334
route_forest_0_n 60 0 453.0120796700269 0
route_forest_0_t 60 0 445.4706744296181 10.116666666666667
route_forest_20_n 60 0 450.70630407691294 0
route_forest_20_t 60 0 443.96097101847704 10.75
