v5 60 0 452.8783773201377 0
h_0_v4 60 0 444.6212649821042 10.716666666666667
h_0_v5 60 0 444.5777550937631 10.75
h_10_v4 60 0 447.4908775808315 2.8666666666666667
h_10_v5 60 0 446.3523540210187 3.0833333333333335
h_30_v4 60 0 451.58846047204526 1.2333333333333334
h_30_v5 60 0 447.4441946104768 1.2666666666666666
s_0_v4 60 0 448.8525055380703 13.15
s_0_v5 60 0 447.5762245265048 13.066666666666666
s_10_v4 60 0 449.3789423363644 5.016666666666667
s_10_v5 60 0 447.754818569687 4.95
s_30_v4 60 0 451.4485808857946 1.6333333333333333
s_30_v5 60 0 448.66984423559495 1.65
