v5 60 0 452.8783773201377 0
h_0_v5_n 60 0 449.1825803481836 1.7
h_0_v5_t 60 0 447.45613533312843 2.4
h_20_v5_n 60 0 453.3242951687672 0.4
h_20_v5_t 60 0 445.435367573979 0.5666666666666667
h_50_v5_n 60 0 452.639027845468 0.03333333333333333
h_50_v5_t 60 0 444.4735696897596 0.016666666666666666
s_0_v5_n 60 0 448.24203378082757 2.1333333333333333
s_0_v5_t 60 0 446.3405992585655 2.8
s_20_v5_n 60 0 453.45182362140093 0.5166666666666667
s_20_v5_t 60 0 443.70167593581465 0.5166666666666667
s_50_v5_n 60 0 452.8783773201377 0
s_50_v5_t 60 0 444.5777550937631 0
