1 18 0.3905408549999265
21 519 7.216659456999878
41 1005 11.931181577000189
61 1512 18.100263034999898
81 1979 23.620643535
101 2461 29.504541399000118
121 2958 34.37875328300015
141 3457 40.234568287
161 3954 44.1014876600002
181 4389 48.17952804300012
201 4896 53.536324423000224
221 5401 57.372319008999966
241 5876 63.230911330000254
261 6381 67.19087974400009
281 6860 71.39532043500003
301 7375 77.02277462700022
321 7888 83.414828037
341 8384 87.31886169000018
361 8858 93.18298617200026
381 9350 98.84420710099994
401 9858 104.98050863700018
421 10329 111.27296574499996
441 10793 116.82157236800003
461 11303 121.9160801590001
481 11801 128.33221001599986
501 12297 134.67821640300008
521 12771 139.088728318
541 13251 144.07368230300017
561 13687 147.9071064919999
581 14167 151.617848976
601 14627 154.897195517
621 15082 158.68688215400016
641 15487 161.29380024600005
661 15950 164.72202529200013
681 16437 168.90332515199998
701 16928 172.31070304700006
721 17403 176.04738559199996
741 17879 182.53111248300002
761 18381 186.68315473099983
781 18907 194.82748733500011
801 19420 201.3317706580001
821 19889 206.4831835340001
841 20408 213.81021666900006
861 20903 219.83868543800008
881 21400 226.02912350199995
901 21888 231.5392179700002
921 22394 239.67325339800027
941 22857 247.18281228500018
961 23356 254.27673919000017
981 23854 258.89748085500014
1001 24311 262.98651503200017
1021 24816 268.20839387700016
1041 25310 272.3354347220002
1061 25801 277.2331254139999
1081 26316 281.4925777560002
1101 26724 285.0036814780001
1121 27166 290.0751269120001
1141 27568 294.2299811570001
1161 28034 297.378384182
1181 28395 300.5792135360002
1201 28809 303.58342513800017
1221 29303 308.24821170199994
1241 29772 313.40127628100026
1261 30282 319.54340177999984
1281 30792 324.799369373
1301 31266 327.9428352
1321 31726 331.10985695
1341 32230 335.7971189740001
1361 32734 340.21892835200015
1381 33224 344.7754041389999
1401 33698 350.18046878999985
1421 34219 355.1782943070002
DONE 1440 34695 360.11650685199993
