1 27 1.5903750879999734
21 502 6.247332148999931
41 1003 9.722834261000116
61 1525 13.133379115000025
81 2012 16.594774557999926
101 2518 21.942932608000092
121 3024 26.79507250000006
141 3480 30.202840826000056
161 3947 33.227852573000064
181 4418 37.80752403199995
201 4898 41.1229134350001
221 5398 43.1355188980001
241 5871 44.6774448409999
261 6377 46.879373776999955
281 6881 49.22738719900008
301 7388 51.89907911799992
321 7903 53.51817170200002
341 8401 55.598204592
361 8880 57.54705418799995
381 9310 59.29762126500009
401 9749 61.4068982419999
421 10249 63.28273956299995
441 10760 65.28720361799992
461 11215 66.98498893500005
DONE 480 11654 68.97623819299997
