best 3 400 1050 1950 1.212720923990001
best 3 400 1050 1960 1.1941104715280182
best 3 400 1100 1950 1.1781677031172972
best 3 400 1100 1960 1.1589982317898766
best 3 400 1100 2050 1.1545592773463915
best 3 400 1150 1950 1.1434999719008596
best 3 400 1150 1960 1.1229693866069956
best 3 400 1150 2050 1.0795782886170666
best 3 400 1200 2050 1.039196939147218
best 3 400 1250 2050 1.000145009570855
best 3 550 1250 2050 0.9979296883487421
best 4 400 1250 2050 0.9978475264789313
best 5 700 1250 2050 0.997843633305435
best 5 850 1250 2050 0.9976530795397612
240 3.2327775955200195
