v5 90 0 460.4012491409737 0 0
13:3:150:v5 90 0 464.3452948507871 1.5555555555555556 0
13:8:150:v5 90 0 467.3942805898505 2.966666666666667 1
13:16:150:v5 90 0 468.1276658598822 3.3222222222222224 1
14:3:150:v5 90 0 462.7716958503488 1.0777777777777777 0
14:8:150:v5 90 0 464.2619121637559 1.8888888888888888 1
14:16:150:v5 90 0 464.54163438597806 2.0444444444444443 1
15:3:150:v5 90 0 461.6201799154135 0.6666666666666666 0
15:8:150:v5 90 0 462.2234712643432 1.0333333333333334 1
15:16:150:v5 90 0 462.26509163471354 1.0555555555555556 1
