191700011 v5 119.46 1444.018387236521 [0, 8, 1, 3, 12]
191700011 unprotected 299.02 4234.992057692963 [0, 2, 1, 8, 7, 6, 5, 4, 14, 15, 16, 17, 18, 19, 20, 9, 10, 11]
191700011 guard2 120.89 1457.951888691334 [0, 8, 1, 3, 12]
191700011 guard4 120.14 1444.018387236521 [0, 8, 1, 3, 12]
191700028 v5 146.2 2230.879178500909 [0, 4, 5, 3, 2, 1, 8]
191700028 unprotected 293.11 4513.739693906081 [0, 4, 5, 3, 12, 13, 14, 15, 16, 6, 7, 17, 18, 19, 20, 8, 1]
191700028 guard2 145.12 2216.4138729163387 [0, 4, 5, 3, 2, 1, 8]
191700028 guard4 144.68 2209.3730781881563 [0, 4, 5, 3, 2, 1, 8]
191700052 v5 130.69 1823.6265726664074 [0, 2, 3, 4, 5, 6, 7, 8]
191700052 unprotected 217.47 3074.3094108494756 [0, 7, 8, 1, 20, 19, 18, 17, 16, 15, 14, 13, 12]
191700052 guard2 131.0 1828.6265726664071 [0, 2, 3, 4, 5, 6, 7, 8]
191700052 guard4 131.0 1828.6265726664071 [0, 2, 3, 4, 5, 6, 7, 8]
191600079 v5 180.45 2092.6320915806127 [0, 2, 1, 8, 7, 6, 5]
191600079 unprotected 273.77 3792.8219177846495 [0, 3, 13, 12, 11, 10, 2, 1, 9, 20, 8, 7, 6, 5]
191600079 guard2 200.47 2059.0000021804126 [0, 2, 1, 8, 7, 6, 5]
191600079 guard4 181.92 2107.077588279485 [0, 2, 1, 8, 7, 6, 5]
191200092 v5 276.02 3507.919002606748 [0, 3, 2, 1, 7, 18, 19, 20, 9, 8, 6]
191200092 unprotected 376.85 5645.034650547106 [0, 2, 1, 7, 8, 9, 10, 11, 12, 13, 14, 3, 4, 5, 15, 16, 6, 17, 18]
191200092 guard2 381.36 5801.76187563988 [0, 3, 2, 1, 7, 8, 6, 16, 15, 5, 4, 14, 13, 12, 11, 10, 9, 20, 19, 18]
191200092 guard4 379.4 5770.397677032177 [0, 3, 2, 1, 7, 8, 6, 16, 15, 5, 4, 14, 13, 12, 11, 10, 9, 20, 19, 18]
